Link table containing the number of equivalent
chi angles between different residues.   Jan T Pedersen.
					  27.03.90
    ALA ARG ASN ASP CYS GLN GLU GLY HIS ILE LEU LYS MET PHE PRO SER THR TRP TYR VAL
___________________________________________________________________________________
*
ALA 0   0   0   0   0   0   0   0   0   0   0   0   0   0   0   0   0   0   0   0
ARG 0   5   2   2   1   3   3   0   2   2   2   4   3   2   0   1   2   2   2   1
ASN 0   2   2   2   1   2   2   0   2   2   2   2   2   2   0   1   2   2   2   1
ASP 0   2   2   2   1   2   2   0   2   2   2   2   2   2   0   1   2   2   2   1
CYS 0   1   1   1   1   1   1   0   1   1   1   1   1   1   0   1   1   1   1   1
GLN 0   3   2   2   1   3   3   0   2   2   2   3   3   2   0   1   2   2   2   1
GLU 0   3   2   2   1   3   3   0   2   2   2   3   3   2   0   1   2   2   2   1
GLY 0   0   0   0   0   0   0   0   0   0   0   0   0   0   0   0   0   0   0   0   
HIS 0   2   2   2   1   2   2   0   2   2   2   2   2   2   0   1   2   2   2   1
ILE 0   2   2   2   1   2   2   0   2   2   2   2   2   2   0   1   2   2   2   1
LEU 0   2   2   2   1   2   2   0   2   2   2   2   2   2   0   1   2   2   2   1
LYS 0   4   2   2   1   3   3   0   2   2   2   4   3   2   0   1   2   2   2   1
MET 0   3   2   2   1   3   3   0   2   2   2   3   3   2   0   1   2   2   2   1
PHE 0   2   2   2   1   2   2   0   2   2   2   2   2   2   0   1   2   2   2   1
PRO 0   0   0   0   0   0   0   0   0   0   0   0   0   0   0   0   0   0   0   0
SER 0   1   1   1   1   1   1   0   1   1   1   1   1   1   0   1   1   1   1   1
THR 0   2   2   2   1   2   2   0   2   2   2   2   2   2   0   1   2   2   2   1
TRP 0   2   2   2   1   2   2   0   2   2   2   2   2   2   0   1   2   2   2   1
TYR 0   2   2   2   1   2   2   0   2   2   2   2   2   2   0   1   2   2   2   1
VAL 0   1   1   1   1   1   1   0   1   1   1   1   1   1   0   1   1   1   1   1
