STAND. RESIDUE COORDS.(NO HYDR.,ANGSTR.,SC-1/2 LEU, VAL INTERCH.,WFVG,JAN. 1983
   20
    5ALA
    1N       1.201    .847    .0
    2CA       .0      .0      .0
    3CB       .020   -.927   1.209
    4C      -1.250    .881    .0
    5O      -2.185    .660   -.784
   11ARG
    1N       1.201    .847    .0
    2CA       .0      .0      .0
    3CB      -.022   -.938   1.208
    4CG      -.091   -.238   2.559
    5CD      -.791  -1.074   3.576
    6NE      -.762   -.467   4.899
    7CZ     -1.575   -.836   5.892
    8NH1    -2.604  -1.651   5.680
    9NH2    -1.383   -.333   7.111
   10C      -1.250    .881    .0
   11O      -2.185    .660   -.784
    8ASN
    1N       1.201    .847    .0
    2CA       .0      .0      .0
    3CB       .046  -1.028   1.121
    4CG      -.153   -.428   2.501
    5OD1     -.394    .780   2.638
    6ND2     -.064  -1.271   3.529
    7C      -1.250    .881    .0
    8O      -2.185    .660   -.784
    8ASP
    1N       1.201    .847    .0
    2CA       .0      .0      .0
    3CB       .046  -1.028   1.121
    4CG      -.153   -.428   2.501
    5OD1     -.394    .780   2.638
    6OD2     -.069  -1.219   3.465
    7C      -1.250    .881    .0
    8O      -2.185    .660   -.784
    6CYS
    1N       1.201    .847    .0
    2CA       .0      .0      .0
    3CB       .013   -.959   1.183
    4SG      -.079   -.154   2.802
    5C      -1.250    .881    .0
    6O      -2.185    .660   -.784
    9GLN
    1N       1.201    .847    .0
    2CA       .0      .0      .0
    3CB      -.017   -.986   1.164
    4CG      -.083   -.326   2.529
    5CD      -.208  -1.318   3.659
    6OE1     -.489  -2.497   3.463
    7NE2     -.004   -.818   4.876
    8C      -1.250    .881    .0
    9O      -2.185    .660   -.784
    9GLU
    1N       1.201    .847    .0
    2CA       .0      .0      .0
    3CB      -.066   -.877   1.252
    4CG      1.159  -1.715   1.598
    5CD      1.408  -2.909    .726
    6OE1      .926  -3.060   -.383
    7OE2     2.163  -3.743   1.271
    8C      -1.250    .881    .0
    9O      -2.185    .660   -.784
    4GLY
    1N       1.201    .847    .0
    2CA       .0      .0      .0
    3C      -1.250    .881    .0
    4O      -2.185    .660   -.784
   10HIS
    1N       1.201    .847    .0
    2CA       .0      .0      .0
    3CB      -.064   -.969   1.203
    4CG      -.520   -.297   2.464
    5ND1      .265    .534   3.222
    6CD2    -1.756   -.257   3.021
    7CE1     -.467   1.055   4.194
    8NE2    -1.694    .597   4.090
    9C      -1.250    .881    .0
   10O      -2.185    .660   -.784
    8ILE
    1N       1.201    .847    .0
    2CA       .0      .0      .0
    3CB       .032   -.976   1.230
    4CG1     -.833  -2.224    .920
    5CG2     -.398   -.289   2.550
    6CD      -.776  -3.327   2.012
    7C      -1.250    .881    .0
    8O      -2.185    .660   -.784
    8LEU
    1N       1.201    .847    .0
    2CA       .0      .0      .0
    3CB       .098   -.944   1.203
    4CG      -.961  -2.028   1.321
    5CD1     -.733  -2.790   2.625
    6CD2     -.895  -2.987    .139
    7C      -1.250    .881    .0
    8O      -2.185    .660   -.784
    9LYS
    1N       1.201    .847    .0
    2CA       .0      .0      .0
    3CB      -.036   -.921   1.215
    4CG      1.198  -1.814   1.359
    5CD      1.055  -2.772   2.532
    6CE      2.342  -3.513   2.826
    7NZ      2.168  -4.422   3.987
    8C      -1.250    .881    .0
    9O      -2.185    .660   -.784
    8MET
    1N       1.201    .847    .0
    2CA       .0      .0      .0
    3CB       .020   -.965   1.177
    4CG     -1.009  -2.054   1.003
    5SD      -.780  -3.245   2.372
    6CE     -2.086  -4.422   1.978
    7C      -1.250    .881    .0
    8O      -2.185    .660   -.784
   11PHE
    1N       1.201    .847    .0
    2CA       .0      .0      .0
    3CB       .007  -1.036   1.111
    4CG       .033   -.497   2.510
    5CD1    -1.158   -.121   3.135
    6CD2     1.237   -.384   3.203
    7CE1    -1.157    .380   4.427
    8CE2     1.261    .116   4.510
    9CZ       .054    .513   5.110
   10C      -1.250    .881    .0
   11O      -2.185    .660   -.784
    7PRO
    1N       1.201    .847    .0
    2CA       .0      .0      .0
    3CB       .124   -.783   1.314
    4CG       .895    .138   2.221
    5CD      1.874    .862   1.306
    6C      -1.250    .881    .0
    7O      -2.185    .660   -.784
    6SER
    1N       1.201    .847    .0
    2CA       .0      .0      .0
    3CB      -.003   -.960   1.177
    4OG      -.198   -.284   2.405
    5C      -1.250    .881    .0
    6O      -2.185    .660   -.784
    7THR
    1N       1.201    .847    .0
    2CA       .0      .0      .0
    3CB      -.007   -.987   1.235
    4OG1      .041   -.145   2.430
    5CG2     1.129  -2.014   1.215
    6C      -1.250    .881    .0
    7O      -2.185    .660   -.784
   14TRP
    1N       1.201    .847    .0
    2CA       .0      .0      .0
    3CB       .025   -.985   1.163
    4CG       .033   -.366   2.517
    5CD1    -1.031    .150   3.204
    6CD2     1.175   -.205   3.374
    7NE1     -.624    .624   4.429
    8CE2      .721    .420   4.557
    9CE3     2.520   -.533   3.245
   10CZ2     1.575    .723   5.608
   11CZ3     3.370   -.230   4.289
   12CH2     2.910    .384   5.451
   13C      -1.250    .881    .0
   14O      -2.185    .660   -.784
   12TYR
    1N       1.201    .847    .0
    2CA       .0      .0      .0
    3CB       .005   -.953   1.208
    4CG      -.184   -.273   2.544
    5CD1      .897    .261   3.250
    6CD2    -1.450   -.194   3.124
    7CE1      .724    .851   4.501
    8CE2    -1.639    .383   4.376
    9CZ      -.548    .890   5.069
   10OH      -.764   1.404   6.317
   11C      -1.250    .881    .0
   12O      -2.185    .660   -.784
    7VAL
    1N       1.201    .847    .0
    2CA       .0      .0      .0
    3CB       .053   -.993   1.174
    4CG1     -.943  -2.129    .998
    5CG2     -.133   -.315   2.527
    6C      -1.250    .881    .0
    7O      -2.185    .660   -.784
